%YAML:1.0
---
cameraMatrix_msx: !!opencv-matrix
   rows: 3
   cols: 3
   dt: d
   data: [ 1.2384757526482210e+03, 0., 3.2405934444600621e+02, 0.,
       1.2390555472513438e+03, 2.8362766191980722e+02, 0., 0., 1. ]
cameraMatrix_thermal: !!opencv-matrix
   rows: 3
   cols: 3
   dt: d
   data: [ 8.9789492066996024e+02, 0., 2.3494302472335448e+02, 0.,
       8.9831527175722420e+02, 2.0563005489186023e+02, 0., 0., 1. ]
distCoeffs: !!opencv-matrix
   rows: 1
   cols: 5
   dt: d
   data: [ -1.3330709373967504e-02, 5.1461679264569715e-01,
       7.1441234552141325e-03, 2.6064508587550889e-03,
       -1.1183260386434097e+00 ]
rvecs: !!opencv-matrix
   rows: 10
   cols: 3
   dt: f
   data: [ -1.18333369e-01, 1.86591018e-02, -3.15212049e-02,
       -3.69866192e-02, -9.15985275e-03, -6.04458638e-02,
       -1.12106547e-01, -4.92991414e-03, -8.32565203e-02,
       -1.69355437e-01, 4.84488765e-03, -9.58833769e-02, -6.70992285e-02,
       -8.53550248e-03, -1.53375044e-01, -2.32873470e-01,
       -2.72348747e-02, -8.68271664e-02, -1.28114551e-01, 2.68707648e-02,
       -1.34585202e-01, -1.33665115e-01, 8.33596587e-02, -1.35604128e-01,
       -1.40739322e-01, 2.98754573e-02, -4.58167009e-02, -1.39688015e-01,
       2.91936342e-02, -4.58514765e-02 ]
tvecs: !!opencv-matrix
   rows: 10
   cols: 3
   dt: f
   data: [ -2.43990921e+02, -1.89578735e+02, 1.52298669e+03,
       -2.98887421e+02, -2.94736298e+02, 1.49241296e+03, -2.93669464e+02,
       -1.83643692e+02, 1.51669922e+03, -2.82004700e+02, -9.45658722e+01,
       1.53110315e+03, -3.27912628e+02, -2.31432816e+02, 1.50144482e+03,
       -3.21785187e+02, -1.95543087e+00, 1.53094421e+03, -2.63728760e+02,
       -1.47235138e+02, 1.52672046e+03, -1.81513580e+02, -1.42932205e+02,
       1.53679163e+03, -2.32814377e+02, -1.52755569e+02, 1.52999243e+03,
       -2.32771057e+02, -1.52816788e+02, 1.52991406e+03 ]
