%YAML:1.0
---
cameraMatrix_msx: !!opencv-matrix
   rows: 3
   cols: 3
   dt: d
   data: [ 1.2393536716713231e+03, 0., 3.0193761557400001e+02, 0.,
       1.2391872425395554e+03, 2.6607712768565148e+02, 0., 0., 1. ]
cameraMatrix_thermal: !!opencv-matrix
   rows: 3
   cols: 3
   dt: d
   data: [ 8.9853141196170930e+02, 0., 2.1890477129114998e+02, 0.,
       8.9841075084117767e+02, 1.9290591757209731e+02, 0., 0., 1. ]
distCoeffs: !!opencv-matrix
   rows: 1
   cols: 5
   dt: d
   data: [ -2.8524635096020410e-02, 7.9120564271995697e-01,
       2.4728664161810256e-03, -2.4608816830677216e-03,
       -1.4972058978222555e+00 ]
rvecs: !!opencv-matrix
   rows: 10
   cols: 3
   dt: f
   data: [ 2.14064438e-02, 9.52352211e-03, 8.23937729e-03,
       1.93901509e-02, 6.71336800e-02, 3.31493057e-02, 2.22954359e-02,
       1.19986989e-01, 1.44485133e-02, -7.03750551e-03, 1.20233178e-01,
       8.37474130e-03, -1.03236921e-02, 7.52114654e-02, 1.86738353e-02,
       9.56583861e-03, 1.39746414e-02, 1.01758866e-02, -5.42427823e-02,
       1.83408987e-02, -5.48484735e-03, -5.64250909e-02, 5.23980111e-02,
       -4.73698089e-03, -5.66621721e-02, 1.14037365e-01, 4.10494534e-03,
       -7.87576661e-03, 5.92368171e-02, 8.10678874e-04 ]
tvecs: !!opencv-matrix
   rows: 10
   cols: 3
   dt: f
   data: [ -4.77357941e+02, -4.18835052e+02, 2.17525195e+03,
       -3.41726440e+02, -4.25805908e+02, 2.19818481e+03, -2.38083023e+02,
       -4.27861694e+02, 2.21096118e+03, -2.40640732e+02, -3.62290405e+02,
       2.22458643e+03, -3.32567261e+02, -3.57336456e+02, 2.21443896e+03,
       -4.66377197e+02, -3.94944977e+02, 2.18271216e+03, -4.64272858e+02,
       -2.54505020e+02, 2.20980005e+03, -3.91651093e+02, -2.51030441e+02,
       2.22423047e+03, -2.54062286e+02, -2.52078659e+02, 2.24230200e+03,
       -3.76703827e+02, -3.57319427e+02, 2.20824536e+03 ]
