%YAML:1.0
---
cameraMatrix: !!opencv-matrix
   rows: 3
   cols: 3
   dt: d
   data: [ 1.2518024270061121e+03, 0., 3.0153592528703598e+02, 0.,
       1.2512567352877270e+03, 2.6109043099527781e+02, 0., 0., 1. ]
distCoeffs: !!opencv-matrix
   rows: 1
   cols: 5
   dt: d
   data: [ -3.2118254495090759e-02, 8.4983918934852365e-01,
       2.0853814846218083e-03, -2.4306396097610156e-03,
       -1.7366114148217031e+00 ]
rotationVector: !!opencv-matrix
   rows: 3
   cols: 1
   dt: d
   data: [ 4.0295245445524219e-03, 1.4029344736137581e-02,
       -5.2172998391635797e-03 ]
translationVector: !!opencv-matrix
   rows: 3
   cols: 1
   dt: d
   data: [ -8.3085952358910945e+03, -8.1659965562780035e+03,
       1.5055554226382776e+02 ]
